K_Value	Silhouette_Score	Davies_Bouldin_Score
-------------------------------------------------------
50	0.122831	2.683271
100	0.161859	2.315499
150	0.191635	2.079750
200	0.214889	1.965797
250	0.232216	1.847152
300	0.242937	2.034112
350	0.258913	1.724809
400	0.269359	1.580617
450	0.275841	1.557219
500	0.279938	1.528624
550	0.273507	1.964796
600	0.267677	2.044291
650	0.272911	1.969930
700	0.283525	1.821355
750	0.276532	1.371168
800	0.261332	1.386521
850	0.281632	1.831337
900	0.249622	1.892014
950	0.234894	1.787706
1000	0.266540	1.835396
1050	0.247459	1.813672
1100	0.233804	1.773667
1150	0.235212	1.745466
1200	-0.001074	1.716979
1250	0.013509	1.774408
1300	0.007884	1.747800
1350	-0.014276	1.717956
1400	-0.013194	1.721455
1450	-0.067984	1.732648
1500	-0.051139	1.658758
-------------------------------------------------------
FINAL CONCLUSION:
Optimal K (Eigengap Method): 55
Optimal K (Highest Silhouette): 700
